//FCOIN

10 4
3 3 8 1 4 2 9 1
2 5 8 3 7 0
3 9 5 7 6 2 3 2
1 4 8 0

-> 9

4 2
2 3 4 1 2 2
1 4 2 0

-> 3

5 2
2 1 2 3 5 0
2 1 4 3 5 2

-> 4

5 1
2 1 2 3 5 0

-> 4


5 2
1 3 5 0
2 1 2 3 4 0

-> 0

8 3
3 1 2 6 3 5 8 1
4 1 2 5 8 3 2 6 7 2

2 4 9 3 2 0
-> 0

8 3
3 1 2 6 3 5 8 1
4 1 2 5 8 3 2 6 7 2
2 4 9 3 5 0

-> 8

//SPNUM
2 3 5 7 11 12 14 16 (loại) 20 21 23 25 (loại) 29 30

3 15

3 5 7 11 12 14
-> 6

3 30

3 5 7 11 12 14 20 21 23 29 30
-> 11

16 25

20 21 23
-> 3

///